lastAccountName: YuukiSkniro
timestamps:
  login: 1538536978268
  logout: 1538536991056
ipAddress: 127.0.0.1
lastlocation:
  world: "\u77f3\u7816\u8981\u585e"
  x: -380.3405000278093
  y: 31.0
  z: 245.59460537939978
  yaw: 113.3921
  pitch: -45.222614
logoutlocation:
  world: "\u77f3\u7816\u8981\u585e"
  x: -317.16614262824856
  y: 119.0
  z: 92.78251376049249
  yaw: 186.98193
  pitch: 18.67316
