lastAccountName: Blackhold_hd
timestamps:
  login: 1536416174986
  logout: 1536416383896
ipAddress: 127.0.0.1
lastlocation:
  world: "\u77f3\u7816\u8981\u585e"
  x: -402.5
  y: 72.0
  z: 253.5
  yaw: 0.0
  pitch: 0.0
logoutlocation:
  world: "\u77f3\u7816\u8981\u585e"
  x: -417.69999998807907
  y: 75.0
  z: 178.4405205665021
  yaw: 107.410965
  pitch: 31.5
