lastAccountName: xiaoyangjun288
timestamps:
  login: 1526119146760
  logout: 1526119284988
ipAddress: 127.0.0.1
lastlocation:
  world: Treenan
  x: 44.76567332548423
  y: -278.3955970753954
  z: 0.5834957941571552
  yaw: -91.994385
  pitch: -72.41266
logoutlocation:
  world: Treenan
  x: 0.389103665166749
  y: 63.4047088316878
  z: -30.78806011887389
  yaw: -321.19135
  pitch: 32.56361
