lastAccountName: YuukiSkniro
timestamps:
  login: 1549171769063
  lastteleport: 1549171442437
  logout: 1549171464321
ipAddress: 127.0.0.1
lastlocation:
  world: world
  x: 952.0658793388955
  y: 23.5
  z: 1397.263345007743
  yaw: -177.9828
  pitch: 14.385178
logoutlocation:
  world: world
  x: 1211.6410843231895
  y: 16.0
  z: 1510.493366730909
  yaw: 171.7002
  pitch: 25.952196
