spawns: 
  default: 
    world: world
    x: 1210.518450275083
    y: 16.0
    z: 1508.525865530845
    yaw: 183.29987
    pitch: 89.4
  builder: 
    world: world
    x: 1210.3656023872788
    y: 16.0
    z: 1508.2447422673408
    yaw: 178.78448
    pitch: 8.249922
  build: 
    world: world
    x: 1189.4009253054844
    y: 12.0
    z: 1495.5477933125208
    yaw: -90.74993
    pitch: 1.9499887
