lastAccountName: '123'
timestamps:
  login: 1546265382493
  logout: 1546265503218
ipAddress: 127.0.0.1
lastlocation:
  world: world
  x: 576.5
  y: 157.0
  z: -535.5
  yaw: 0.0
  pitch: 0.0
logoutlocation:
  world: world
  x: 569.746329413057
  y: 63.0
  z: -525.7137579382692
  yaw: 173.2501
  pitch: 2.700011
