lastAccountName: skniro
timestamps:
  login: 1538822616212
  logout: 1538822670313
ipAddress: 127.0.0.1
lastlocation:
  world: world
  x: 151.5
  y: 67.0
  z: 109.5
  yaw: 0.0
  pitch: 0.0
logoutlocation:
  world: world
  x: 570.6292062052299
  y: 64.0
  z: -531.1383728591466
  yaw: -2.1
  pitch: 2.4
