lastAccountName: Blackhold_hd
timestamps:
  login: 1539958549968
  logout: 1539958592300
ipAddress: 171.118.231.93
lastlocation:
  world: world
  x: 599.2015275408199
  y: 86.5
  z: -511.82982565301046
  yaw: -91.95001
  pitch: 36.75001
logoutlocation:
  world: world
  x: 610.6957587897778
  y: 228.9751870539493
  z: -506.1264624813385
  yaw: -137.88463
  pitch: 0.7499839
