lastAccountName: '234'
timestamps:
  login: 1538830250023
  logout: 1538831102445
ipAddress: 127.0.0.1
lastlocation:
  world: world
  x: 579.5
  y: -1.0
  z: -536.5
  yaw: 0.0
  pitch: 0.0
logoutlocation:
  world: world
  x: 488.33285171086646
  y: 63.5
  z: -530.104412863921
  yaw: -102.522705
  pitch: 38.058937
