lastAccountName: Blackhold_hd
timestamps:
  login: 1536327931566
  logout: 1536327998873
  lastteleport: 1536327139946
ipAddress: 183.184.153.187
lastlocation:
  world: world
  x: 164.5
  y: 67.0
  z: 103.5
  yaw: 0.0
  pitch: 0.0
logoutlocation:
  world: ASkyBlock
  x: 198.4551504125062
  y: 120.0
  z: 0.49261715553824476
  yaw: 294.00003
  pitch: 24.750004
