lastAccountName: YuukiSkniro
timestamps:
  login: 1536464686895
  logout: 1536465055212
ipAddress: 127.0.0.1
lastlocation:
  world: world
  x: 281.5
  y: 63.0
  z: 246.5
  yaw: 0.0
  pitch: 0.0
logoutlocation:
  world: world
  x: 516.5611567983826
  y: 83.25675527683133
  z: 221.5586283792311
  yaw: -184.50024
  pitch: -7.799988
