lastAccountName: Badenzer
timestamps:
  login: 1526713088704
  logout: 1526713236853
  lastteleport: 1525590416835
ipAddress: 127.0.0.1
afk: false
lastlocation:
  world: "\u6d77\u76d7\u8239"
  x: 1.3000000119209214
  y: -186.69612408766227
  z: -3.3666713118411766
  yaw: 108.5741
  pitch: 15.543949
logoutlocation:
  world: "\u6d77\u76d7\u8239"
  x: -82.5
  y: 64.0
  z: 0.5
  yaw: 270.0
  pitch: 0.0
