lastAccountName: MC_mingcai
timestamps:
  login: 1526120276374
  lastteleport: 1526117756330
  logout: 1526120399222
ipAddress: 127.0.0.1
lastlocation:
  world: Treenan
  x: 59.50222878748823
  y: -194.35711464948469
  z: 0.4839853536691687
  yaw: -34.706528
  pitch: -29.84997
logoutlocation:
  world: Treenan
  x: 67.60968420501374
  y: 68.24918707874468
  z: 0.7846882505962501
  yaw: 88.143456
  pitch: 30.150002
