lastAccountName: YuukiSkniro
timestamps:
  login: 1536415511228
  logout: 1536416229075
ipAddress: 127.0.0.1
lastlocation:
  world: "\u6d77\u76d7\u8239"
  x: 14.092800164122066
  y: -125.34662375960667
  z: -28.589883012327093
  yaw: 211.32617
  pitch: -84.733734
logoutlocation:
  world: "\u6d77\u76d7\u8239"
  x: 65.49520506161622
  y: 90.86436911614331
  z: 6.142177064049225
  yaw: 105.54599
  pitch: 46.901543
