lastAccountName: a
timestamps:
  login: 1536381324420
  logout: 1536381350359
ipAddress: 192.168.1.105
lastlocation:
  world: world
  x: 163.5
  y: 65.0
  z: 109.5
  yaw: 0.0
  pitch: 0.0
logoutlocation:
  world: world
  x: 163.40563354522737
  y: 69.0
  z: 97.37760201492591
  yaw: -232.49983
  pitch: 15.449991
