lastAccountName: skniro
timestamps:
  login: 1536381382475
  logout: 1536381394361
ipAddress: 192.168.1.105
lastlocation:
  world: world
  x: 151.5
  y: 67.0
  z: 109.5
  yaw: 0.0
  pitch: 0.0
logoutlocation:
  world: world
  x: 158.18190793672866
  y: 67.0
  z: 119.24151380756027
  yaw: 112.5
  pitch: 27.75
