lastAccountName: YuukiSkniro
timestamps:
  login: 1539958603092
  logout: 1539958734292
ipAddress: 127.0.0.1
lastlocation:
  world: GCBTeamGCBTeam'sky sever
  x: 1.2923976467264697
  y: 120.0
  z: 308.479630734529
  yaw: 95.380585
  pitch: 28.208912
logoutlocation:
  world: GCBTeamGCBTeam'sky sever
  x: 4.094367519262434
  y: 120.0
  z: 296.97515604344454
  yaw: 319.18518
  pitch: 42.39916
afk: false
