lastAccountName: Blackhold_hd
timestamps:
  login: 1539958592089
  logout: 1539958732445
ipAddress: 171.118.231.93
lastlocation:
  world: GCBTeamGCBTeam'sky sever
  x: 0.5
  y: 121.0
  z: 1.5
  yaw: -347.55026
  pitch: 47.549927
logoutlocation:
  world: GCBTeamGCBTeam'sky sever
  x: 0.33506902615285095
  y: 120.0
  z: 0.5860787748776626
  yaw: -9.750078
  pitch: 61.64998
