lastAccountName: YuukiSkniro
timestamps:
  login: 1549171676195
  logout: 1549171680393
ipAddress: 127.0.0.1
lastlocation:
  world: ASkyBlock
  x: -0.14658257348083806
  y: -202.54367146914387
  z: 9.828444263008663
  yaw: -356.0995
  pitch: 18.599997
money: '10.0'
afk: false
logoutlocation:
  world: GCBTeamGCBTeam'sky sever
  x: 0.641391963622314
  y: 120.0
  z: 0.034066520914235426
  yaw: 180.92465
  pitch: 39.382217
