lastAccountName: chocola
timestamps:
  login: 1536380151343
  logout: 1536380158713
ipAddress: 192.168.1.105
lastlocation:
  world: world
  x: 164.5
  y: 65.0
  z: 110.5
  yaw: 0.0
  pitch: 0.0
logoutlocation:
  world: world
  x: 161.69381953140729
  y: 65.0
  z: 107.05760056745237
  yaw: -40.050003
  pitch: 14.099999
