lastAccountName: '234'
timestamps:
  login: 1538830218692
  logout: 1538828788998
ipAddress: 127.0.0.1
lastlocation:
  world: world
  x: 163.5
  y: -1.0
  z: 91.5
  yaw: 0.0
  pitch: 0.0
logoutlocation:
  world: world
  x: 159.58955842861994
  y: 68.0
  z: 65.74563221297609
  yaw: -140.36995
  pitch: 23.05909
