spawns: 
  op: 
    world: world
    x: 636.4582313525034
    y: 122.0
    z: -365.370925288591
    yaw: -181.30685
    pitch: 68.296684
  default: 
    world: world
    x: 636.4522050844272
    y: 122.0
    z: -365.58772035353087
    yaw: -182.14174
    pitch: 27.14352
