lastAccountName: Badenzer
timestamps:
  login: 1526706736152
  logout: 1526704331589
  lastteleport: 1525590416835
ipAddress: 127.0.0.1
afk: true
lastlocation:
  world: world
  x: 1.5059530251892284
  y: 68.0
  z: -5.6229436709293985
  yaw: -89.646454
  pitch: 90.0
logoutlocation:
  world: world
  x: 1.5078439352240893
  y: 68.0
  z: 6.433286498828297
  yaw: -88.3714
  pitch: 20.944584
