lastAccountName: MC_mingcai
timestamps:
  login: 1526120400541
  lastteleport: 1526113989394
  logout: 1526120405750
ipAddress: 127.0.0.1
lastlocation:
  world: world
  x: -15.495741652691006
  y: 67.5
  z: 3.890134207466236
  yaw: 135.10205
  pitch: 7.2000394
logoutlocation:
  world: world
  x: -27.933456325121195
  y: 70.5
  z: -0.08232813081728395
  yaw: -90.349976
  pitch: 19.499994
afk: false
