lastAccountName: YuukiSkniro
timestamps:
  login: 1547724490225
  logout: 1547724531893
ipAddress: 127.0.0.1
lastlocation:
  world: world
  x: -30.5
  y: 73.0
  z: 0.5
  yaw: -89.0
  pitch: 0.0
logoutlocation:
  world: world
  x: 8.491826421743657
  y: 70.0
  z: -13.110453718678595
  yaw: -110.07623
  pitch: 12.5429325
afk: false
