lastAccountName: Blackhold_hd
timestamps:
  login: 1536380379829
  logout: 1536380460727
ipAddress: 127.0.0.1
lastlocation:
  world: world
  x: -30.5
  y: 73.0
  z: 0.5
  yaw: -89.0
  pitch: 0.0
logoutlocation:
  world: world
  x: -25.101958286574813
  y: 70.0
  z: -0.7818655426384529
  yaw: 270.0001
  pitch: 27.149992
