lastAccountName: fbaaa
timestamps:
  login: 1526120246415
  logout: 1526120279674
ipAddress: 127.0.0.1
lastlocation:
  world: world
  x: -30.5
  y: 73.0
  z: 0.5
  yaw: -89.0
  pitch: 0.0
logoutlocation:
  world: world
  x: 0.6008935296214193
  y: 67.0
  z: 3.6576716869532686
  yaw: -281.75006
  pitch: 4.499995
