lastlocation:
  world: world
  x: -30.5
  y: 73.0
  z: 0.5
  yaw: -89.0
  pitch: 0.0
lastAccountName: xiaoyangjun288
timestamps:
  login: 1526119287125
  logout: 1526119302096
ipAddress: 127.0.0.1
logoutlocation:
  world: world
  x: -19.634137999942592
  y: 68.5
  z: -1.0695742089288687
  yaw: -97.20265
  pitch: 35.271446
afk: false
