world: world
x: 1196.9966624101814
y: 86.0
z: 1157.699999988079
yaw: -273.5747
pitch: -6.900056
name: 凤羽
