world: world
x: 1389.3052218435216
y: 13.0
z: 1736.4375308978026
yaw: -272.39996
pitch: 5.54999
name: 雪花帮
