world: world
x: 1490.4671853210316
y: 39.0
z: 1493.438747761754
yaw: -89.69984
pitch: 2.2499456
name: 雪花帮2
