world: world
x: 1060.7632667647358
y: 128.0
z: 1458.2247732453573
yaw: -179.10669
pitch: -2.4000716
name: 武器转职
