world: world
x: 1176.1100779562594
y: 14.0
z: 1443.3949280185052
yaw: -284.71576
pitch: 6.2457604
name: a
