world: world
x: 1186.5338186981587
y: 86.0
z: 1152.699999988079
yaw: -179.22614
pitch: 2.9855852
name: ADB
