world: world
x: 1258.5741551909393
y: 21.0
z: 1504.4660757244803
yaw: -325.9563
pitch: -0.75000346
name: b
