world: world
x: 858.329229265038
y: 48.0
z: 1333.3943953437545
yaw: 88.95953
pitch: 7.3499002
name: bai
