world: world
x: 823.4514447716496
y: 80.0
z: 1554.5300523716232
yaw: 179.69992
pitch: 20.84995
name: bd
