world: world
x: 1294.6187972257592
y: 20.0
z: 1317.5616618964261
yaw: -317.80988
pitch: 1.3499949
name: c
