world: world
x: 1222.5579088548848
y: 15.0
z: 1490.6887975762738
yaw: -91.50049
pitch: 8.249919
name: chenghao
