world: world
x: 957.558215974867
y: 24.0
z: 1387.6455203014839
yaw: -267.3003
pitch: 3.450007
name: cheng1
