world: world
x: 1005.5206614830848
y: 2.0
z: 1422.3965168849086
yaw: -95.99805
pitch: 5.5499983
name: cheng1-1
