world: world
x: 1290.9422757164896
y: 130.0
z: 1208.5630405151157
yaw: -270.5713
pitch: 0.75002843
name: CHIXIN
