world: world
x: 1157.4814981024133
y: 14.0
z: 1454.4689377939887
yaw: -180.16003
pitch: 0.30018917
name: chuansong2
