world: world
x: 1157.4477705700415
y: 14.0
z: 1460.5242619721823
yaw: -4.060547
pitch: -0.14982177
name: chuansong1
