world: world
x: 1137.4172881537065
y: 14.0
z: 1456.4640628772825
yaw: -272.1154
pitch: 1.7999934
name: cun1
