world: world
x: 1145.6055392407784
y: 14.0
z: 1455.3495862515128
yaw: -126.16533
pitch: 2.2498596
name: cun1-back
