world: world
x: 905.7228331331338
y: 109.0
z: 1345.3107533505865
yaw: -50.550217
pitch: -5.849953
name: d
