world: world
x: 1069.620310285762
y: 22.0
z: 1472.8190820328373
yaw: -190.79997
pitch: 1.9499708
name: dark
