world: world
x: 1067.3795014622349
y: 22.0
z: 1450.547094531113
yaw: 2.2491837
pitch: 5.2500434
name: dark1-back
