world: world
x: 1067.3889494192724
y: 22.0
z: 1446.264215548411
yaw: -181.2008
pitch: 6.0000257
name: dark1
