world: world
x: 1180.586967977282
y: 46.0
z: 1373.0551061302094
yaw: -0.32998657
pitch: 14.850029
name: data5
