world: world
x: 1180.4952285224717
y: 46.0
z: 1372.6021679269438
yaw: -359.57993
pitch: -1.2147427E-5
name: databack6-1
