world: world
x: 817.3184890946435
y: 76.0
z: 1575.3965676574921
yaw: -178.65015
pitch: 9.599967
name: db
