world: world
x: 823.4927108874545
y: 80.0
z: 1556.0562525865193
yaw: 183.14972
pitch: 4.6499715
name: db2
