world: world
x: 845.4558992219976
y: 76.0
z: 1571.4235212690812
yaw: 93.44986
pitch: -0.9000207
name: de
