world: world
x: 1163.35140526944
y: 111.0
z: 1406.837734550005
yaw: -184.80823
pitch: 0.30007264
name: de1
