world: world
x: 1209.0044590100113
y: 8.0
z: 1508.4402246120824
yaw: -0.60092765
pitch: 2.6999526
name: dj
