world: world
x: 1207.4173555447587
y: 2.0
z: 1494.982438566361
yaw: 91.49914
pitch: 17.399952
name: dj100
