world: world
x: 1207.4072613186063
y: 2.0
z: 1504.0216543750332
yaw: 88.20026
pitch: 35.70005
name: dj10
