world: world
x: 1207.1961564029016
y: 2.0
z: 1491.9978748877156
yaw: 91.49914
pitch: 17.399952
name: dj150
