world: world
x: 1210.4035997191588
y: 2.0
z: 1503.967348955951
yaw: -90.45056
pitch: -4.050032
name: dj225
