world: world
x: 1207.6983054627199
y: 2.0
z: 1501.0712244934873
yaw: 87.90026
pitch: 16.200048
name: dj25
