world: world
x: 1210.4647749174615
y: 2.0
z: 1501.0657066664442
yaw: -86.25073
pitch: 9.600001
name: dj300
