world: world
x: 1210.300000011921
y: 2.0
z: 1497.9869583958994
yaw: -92.40074
pitch: 11.549972
name: dj400
