world: world
x: 1207.699999988079
y: 2.0
z: 1498.1003035222448
yaw: 91.05026
pitch: 36.900047
name: dj50
