world: world
x: 1211.0506154983361
y: 2.0
z: 1494.9575692210537
yaw: -88.35074
pitch: 9.599999
name: dj550
