world: world
x: 1210.6859757852037
y: 2.0
z: 1491.9600729743247
yaw: -89.85063
pitch: 14.099937
name: dj800
