world: world
x: 1188.0697554411954
y: 110.0
z: 1151.8912080187174
yaw: 233.41873
pitch: -13.950177
name: dmd
