world: world
x: 1058.3856997763266
y: 2.0
z: 1423.5387123278754
yaw: 88.052
pitch: -0.15001741
name: dong3
