world: world
x: 1027.4756905504232
y: 2.0
z: 1412.4939774015647
yaw: -90.29797
pitch: 9.899976
name: dong4-1
