world: world
x: 1130.7083057496457
y: 60.0
z: 1150.9471215243495
yaw: -46.199055
pitch: 1.9500608
name: dong1
