world: world
x: 1064.631884765381
y: 2.0
z: 1423.6221803517453
yaw: 268.80215
pitch: 15.9
name: dong3-1
