world: world
x: 1089.573012559006
y: 14.0
z: 1434.0934370226767
yaw: -183.29852
pitch: 15.299988
name: dong2
