world: world
x: 1159.1713978519435
y: 60.0
z: 1193.4465385526967
yaw: -208.04901
pitch: 2.5500052
name: dong12-1
