world: world
x: 1021.3435623458029
y: 2.0
z: 1412.5492985933602
yaw: -280.79803
pitch: 8.550003
name: dong4
