world: world
x: 1089.5665188816888
y: 14.0
z: 1440.5986161751473
yaw: -25.048462
pitch: -6.3000097
name: dong2-1
