world: world
x: 1097.5
y: 14.0
z: 1458.5
yaw: 166.20154
pitch: -2.3999958
name: dong12
