world: world
x: 1097.4964918865007
y: 14.0
z: 1466.1376485521866
yaw: -1.6656437
pitch: 6.750015
name: dong1-1
