world: world
x: 1180.508626916309
y: 64.0
z: 1374.4366065232998
yaw: -0.63027954
pitch: 4.199999
name: dota8-back
