world: world
x: 1180.7895298718893
y: 52.0
z: 1374.2944819139798
yaw: -350.4298
pitch: 1.9499768
name: dota6-6
