world: world
x: 1180.7552170165566
y: 40.0
z: 1382.4878939413245
yaw: 183.72037
pitch: 1.4999971
name: dota4
