world: world
x: 1180.4721765745787
y: 58.0
z: 1374.7882261044458
yaw: -359.2799
pitch: 8.249979
name: dota7
