world: world
x: 1180.429524027966
y: 76.0
z: 1382.2767622944662
yaw: -175.8309
pitch: 9.299989
name: dota10
