world: world
x: 1180.811144189561
y: 46.0
z: 1382.4825302656502
yaw: -182.27998
pitch: 7.5000315
name: dota5-1
