world: world
x: 1180.411787769848
y: 16.0
z: 1379.028748216008
yaw: -181.51776
pitch: -0.14999034
name: dota
