world: world
x: 1180.699999988079
y: 58.0
z: 1382.8069292991493
yaw: -182.13019
pitch: 4.1999993
name: dota7-back
