world: world
x: 1180.0972240585984
y: 52.0
z: 1382.3278333681012
yaw: -177.92989
pitch: 5.999958
name: dota6
