world: world
x: 1180.8340471283636
y: 64.0
z: 1382.5331539816
yaw: -184.23041
pitch: 7.1999917
name: dota8
