world: world
x: 1181.006921006218
y: 76.0
z: 1374.4781285442318
yaw: -357.331
pitch: 11.099985
name: dota10-back
