world: world
x: 1180.8270346654886
y: 34.0
z: 1382.3768354277167
yaw: 179.67032
pitch: 4.350031
name: dota3-1
