world: world
x: 1179.9812037790223
y: 28.0
z: 1373.048162449346
yaw: -5.2797074
pitch: 4.3499775
name: dota2-1
