world: world
x: 1180.069336009285
y: 40.0
z: 1374.387311623293
yaw: -1.9800533
pitch: 3.9000165
name: dota4-1
