world: world
x: 1180.183295742277
y: 28.0
z: 1383.1076692730005
yaw: -181.82964
pitch: 4.64999
name: dota2
