world: world
x: 1180.6380424818003
y: 46.0
z: 1374.773423438362
yaw: -1.8299733
pitch: -1.4999701
name: dota5
