world: world
x: 1180.4708301788241
y: 34.0
z: 1375.630793062606
yaw: -3.4796867
pitch: 9.150035
name: dota3
