world: world
x: 832.60056273052
y: 82.0
z: 1506.209601087055
yaw: -291.29636
pitch: 9.1500025
name: dugu1
