world: world
x: 826.7618180966382
y: 76.0
z: 1524.2109090314211
yaw: -359.39606
pitch: 5.1000104
name: dugu
