world: world
x: 1180.4644278329504
y: 16.0
z: 1384.5273207673283
yaw: -180.03333
pitch: 10.199973
name: f
