world: world
x: 1148.4032256820021
y: 111.0
z: 1378.3483294177029
yaw: 2.9918067
pitch: 10.500079
name: fa
