world: world
x: 1062.35368810698
y: 79.0
z: 1434.3823767194315
yaw: 274.49188
pitch: 7.500017
name: fa1
