world: world
x: 1042.2821642703282
y: 78.0
z: 1420.7422123882945
yaw: -90.456795
pitch: 3.3000028
name: feixu
