world: world
x: 796.9245586576868
y: 35.0
z: 1633.6558674708126
yaw: -182.53513
pitch: 1.1999694
name: feixu1-1
