world: world
x: 1176.726956676995
y: 14.0
z: 1446.1452145715969
yaw: -248.41553
pitch: 12.149917
name: fuben1
