world: world
x: 1182.640382691508
y: 14.0
z: 1446.572802724285
yaw: -70.965454
pitch: 3.4499233
name: fuben1-1
