world: world
x: 1098.1479477941223
y: 20.0
z: 1531.4298437177797
yaw: 307.34973
pitch: -4.3499603
name: g
