world: world
x: 1294.4458771838347
y: 33.0
z: 1442.6098640286891
yaw: -92.099884
pitch: -9.000011
name: gjc
