world: world
x: 856.0554647437364
y: 140.0
z: 1465.177754561661
yaw: -233.8607
pitch: 0.4499721
name: gujian
