world: world
x: 954.8689699322364
y: 135.0
z: 1466.943719803064
yaw: -317.5492
pitch: -7.2000074
name: h
