world: world
x: 1172.4363874211465
y: 27.0
z: 1546.798192847545
yaw: -180.60034
pitch: 2.5499837
name: hichang
