world: world
x: 1294.4238319039896
y: 20.0
z: 1318.0706715872595
yaw: -1.7597198
pitch: -1.8000214
name: HL
