world: world
x: 1074.6407676115093
y: 33.0
z: 1351.185032487469
yaw: -64.050415
pitch: 19.500006
name: i
