world: world
x: 1024.7298478186099
y: 40.0
z: 1342.5607550730883
yaw: -2.2512207
pitch: 5.549944
name: j
