world: world
x: 1208.9092345929423
y: 8.0
z: 1509.9905265920095
yaw: 177.7491
pitch: 15.449955
name: jl
