world: world
x: 1320.3766979120696
y: 145.0
z: 1083.4431462958646
yaw: -92.6742
pitch: 37.785614
name: k
