world: world
x: 1124.722645261985
y: 28.0
z: 1616.8052405330227
yaw: 122.39966
pitch: 8.700025
name: l
