world: world
x: 1198.3593666694478
y: 86.0
z: 1142.3520971060284
yaw: -88.33155
pitch: 3.2998152
name: L1
