world: world
x: 1193.623751420533
y: 95.0
z: 1150.699999988079
yaw: 179.11845
pitch: -14.55017
name: L2
