world: world
x: 1198.9313666429312
y: 40.0
z: 1611.3632129711937
yaw: -271.05038
pitch: 1.9500334
name: laowang
