world: world
x: 1297.9540074813153
y: 21.0
z: 1546.2441020364247
yaw: -344.25638
pitch: 5.699997
name: m
