world: world
x: 1364.4013748134312
y: 54.0
z: 1260.4811743880282
yaw: 341.5668
pitch: 7.350002
name: mls
