world: world
x: 1180.58663005154
y: 22.0
z: 1381.2985892118645
yaw: -180.18005
pitch: 5.4000187
name: mota1-1
