world: world
x: 1180.4423221472741
y: 70.0
z: 1382.389917547673
yaw: -177.4804
pitch: 6.750027
name: mota9-back
