world: world
x: 1180.386522932084
y: 22.0
z: 1375.0288977186758
yaw: 0.27039903
pitch: 6.149983
name: mota1
