world: world
x: 1180.524616381616
y: 70.0
z: 1382.7627635253239
yaw: 183.57014
pitch: 6.8999734
name: mota8-back
