world: world
x: 1180.296307493499
y: 70.0
z: 1374.7715836478567
yaw: -0.17983946
pitch: 8.699975
name: mota8
