world: world
x: 1180.4259250055925
y: 70.0
z: 1374.7315062565876
yaw: -356.73032
pitch: 7.800024
name: mota9
