world: world
x: 1154.0997041258381
y: 40.0
z: 1281.4676642562522
yaw: 86.70093
pitch: 1.6500361
name: n
