world: world
x: 1190.614957957974
y: 58.0
z: 1733.431760296918
yaw: 333.15082
pitch: 52.800003
name: new
