world: world
x: 1191.6104774811495
y: 115.0
z: 1142.300000011921
yaw: 129.46907
pitch: -18.750185
name: 'NO'
