world: world
x: 1152.8905174175306
y: 54.0
z: 1193.300000011921
yaw: 359.10947
pitch: 1.0694239
name: ok
