world: world
x: 1152.8418465247992
y: 56.0
z: 1200.0780634479806
yaw: 276.00916
pitch: 8.419429
name: ok1
