world: world
x: 1159.345142314685
y: 58.0
z: 1200.4369285766873
yaw: 163.95728
pitch: 61.50009
name: ok2
