world: world
x: 1110.4930655301382
y: 16.0
z: 1484.8030737432296
yaw: -93.89926
pitch: 32.850006
name: paoku
