world: world
x: 1317.5897182953966
y: 40.0
z: 1441.5891212510774
yaw: 264.30103
pitch: 31.499752
name: pk
