world: world
x: 1294.9092639599023
y: 21.0
z: 1597.2251856561309
yaw: -9.899048
pitch: 13.20006
name: pvp
