world: world
x: 1295.7742313746037
y: 17.0
z: 1609.3232420129825
yaw: -272.6991
pitch: -10.799935
name: pvp2
