world: world
x: 1307.699999988079
y: 17.0
z: 1614.1720326130908
yaw: -212.24915
pitch: 8.100078
name: pvp3
