world: world
x: 1293.4461869051902
y: 12.0
z: 1605.7037482965359
yaw: -326.54926
pitch: 1.9500769
name: pvp4
