world: world
x: 1186.796832357296
y: 38.0
z: 1270.670898536313
yaw: -90.940674
pitch: -2.7001314
name: PY
