world: world
x: 820.5938969766578
y: 139.0
z: 1521.9833996035552
yaw: -0.6108229
pitch: -4.6500206
name: RMB
