world: world
x: 983.122656248592
y: 25.0
z: 1399.566412447363
yaw: -267.15015
pitch: 7.799966
name: sha1-1
