world: world
x: 1024.4465691885925
y: 40.0
z: 1343.535759612045
yaw: 1.2001295
pitch: 7.949945
name: sha1
