world: world
x: 786.812838244914
y: 19.0
z: 1422.5292834017143
yaw: -22.965168
pitch: 9.600046
name: shamo1
