world: world
x: 807.4072855644282
y: 35.0
z: 1552.5609797269758
yaw: -0.88518554
pitch: 0.8999756
name: shamo2
