world: world
x: 974.5507162878441
y: 24.5
z: 1379.3826918944542
yaw: -273.75018
pitch: 84.74998
name: shamo1-1
