world: world
x: 810.6371232758114
y: 23.0
z: 1464.4563989333021
yaw: 179.83475
pitch: 87.90002
name: shamo2-1
