world: world
x: 1172.6094375759967
y: 27.0
z: 1546.022201608752
yaw: -181.05023
pitch: 1.04999
name: shichang
