world: world
x: 827.4612061087132
y: 76.0
z: 1497.4414347915422
yaw: 1.8034332
pitch: 3.7500281
name: shoumu1
