world: world
x: 1056.4109306552657
y: 14.0
z: 1475.8272647403492
yaw: -187.72461
pitch: 0.8669057
name: shui1
