world: world
x: 1009.5157371432686
y: 24.0
z: 1536.3727395795938
yaw: -92.92464
pitch: 0.26692826
name: shui
