world: world
x: 1463.5476527685091
y: 35.0
z: 1362.2125755020666
yaw: 40.046032
pitch: 3.1500669
name: shujia
