world: world
x: 1108.2377780674055
y: 14.0
z: 1483.2844702481336
yaw: 251.53452
pitch: 0.15000875
name: star-1
