world: world
x: 1101.58278293202
y: 14.0
z: 1483.6135110111034
yaw: 91.334595
pitch: 1.9500022
name: star
