world: world
x: 1192.9115349856977
y: 86.0
z: 1158.3865031543608
yaw: -270.57446
pitch: -2.7143836
name: STON
