world: world
x: 1100.4843776837968
y: 20.0
z: 1532.626958473869
yaw: 309.28436
pitch: -4.350099
name: wan
