world: world
x: 1174.2994989506692
y: 60.0
z: 1155.1656911249477
yaw: 43.500942
pitch: -1.6499549
name: wan1
