world: world
x: 1245.4170127339132
y: 15.0
z: 1579.250663126538
yaw: 1.7946901
pitch: 13.649997
name: xhb
