world: world
x: 1069.6234353451864
y: 22.0
z: 1472.0363303759432
yaw: -187.0578
pitch: -2.1000319
name: xxx
