world: world
x: 949.553034970061
y: 64.0
z: 1554.4355139047218
yaw: 90.90012
pitch: 11.250065
name: yiji1
