world: world
x: 919.3852318774746
y: 63.0
z: 1473.6010183628528
yaw: 321.44998
pitch: -8.250004
name: yiji
