world: world
x: 836.8324397437825
y: 48.0
z: 1315.722688681872
yaw: -90.32666
pitch: -1.1999624
name: Yue
