world: world
x: 1197.7829730138942
y: 86.0
z: 1156.6473743202262
yaw: -269.67392
pitch: -8.414388
name: YYSB
