world: world
x: 955.6999999880791
y: 135.0
z: 1465.300000011921
yaw: -319.0499
pitch: 5.099983
name: zhiye
