world: world
x: 1144.6502184295339
y: 13.8125
z: 1471.0097066237913
yaw: 270.43506
pitch: 0.30000502
name: zhu
