world: world
x: 960.6999999880791
y: 24.0
z: 1398.3966724989389
yaw: -219.15027
pitch: 10.350011
name: zhu1
