lastAccountName: Blackhold_hd
timestamps:
  login: 1549101325898
  logout: 1549101432336
ipAddress: 127.0.0.1
lastlocation:
  world: world
  x: 638.5
  y: 145.0
  z: -368.5
  yaw: 3.0641592
  pitch: 0.0
logoutlocation:
  world: world
  x: 636.9520046380281
  y: 137.96679898933104
  z: -389.74660836571314
  yaw: -181.24165
  pitch: -11.256454
