lastAccountName: YuukiSkniro
timestamps:
  login: 1549171699895
  logout: 1549171794667
ipAddress: 127.0.0.1
lastlocation:
  world: ASkyBlock
  x: -0.14658257348083806
  y: -202.54367146914387
  z: 9.828444263008663
  yaw: -356.0995
  pitch: 18.599997
money: '10.0'
afk: false
logoutlocation:
  world: world
  x: 620.8649429467198
  y: 127.3254788718151
  z: -386.69999998807907
  yaw: 148.6912
  pitch: 28.042719
