lastAccountName: Blackhold_hd
timestamps:
  login: 1549102832710
  logout: 1549103666078
  lastteleport: 1536327139946
ipAddress: 127.0.0.1
lastlocation:
  world: world
  x: 618.3617979699123
  y: 57.0
  z: -396.2140399782036
  yaw: -6.6249084
  pitch: 86.99783
logoutlocation:
  world: world
  x: 644.8438996437518
  y: 125.87380365804358
  z: -428.5700546019086
  yaw: -180.29633
  pitch: -2.436991
