lastAccountName: Badenzer
timestamps:
  login: 1526704331745
  logout: 1526704769835
  lastteleport: 1525590416835
ipAddress: 127.0.0.1
afk: false
lastlocation:
  world: "\u53c2\u5929\u677e\u6811"
  x: -12.590379991251979
  y: -234.3722092006972
  z: -34.72462675705741
  yaw: 219.75134
  pitch: 3.7405443
logoutlocation:
  world: "\u53c2\u5929\u677e\u6811"
  x: 44.89882638306603
  y: 69.24918707874468
  z: 0.32213730946673
  yaw: 90.14997
  pitch: 10.05
