lastAccountName: a
timestamps:
  login: 1536381350094
ipAddress: 127.0.0.1
lastlocation:
  world: "\u53c2\u5929\u677e\u6811"
  x: 0.35311365189275695
  y: 118.0
  z: 0.34767800123497244
  yaw: 204.5998
  pitch: 62.39994
logoutlocation:
  world: "\u53c2\u5929\u677e\u6811"
  x: 78.63606032196259
  y: 66.0
  z: 0.40075538916778086
  yaw: 91.051025
  pitch: -10.949944
