lastAccountName: Blackhold_hd
timestamps:
  login: 1536415004334
  logout: 1536415035890
ipAddress: 127.0.0.1
lastlocation:
  world: "\u53c2\u5929\u677e\u6811"
  x: 0.35311365189275695
  y: 118.0
  z: 0.34767800123497244
  yaw: 204.5998
  pitch: 62.39994
logoutlocation:
  world: "\u53c2\u5929\u677e\u6811"
  x: 0.5915905498849618
  y: 118.0
  z: 0.5408256791525812
  yaw: 46.799736
  pitch: 81.74999
