lastAccountName: fbaaa
timestamps:
  login: 1526120019633
  lastteleport: 1526115511434
  logout: 1526120246295
ipAddress: 127.0.0.1
lastlocation:
  world: Treenan
  x: -46.630854772280415
  y: 67.0
  z: -25.2889478256756
  yaw: 97.49362
  pitch: 71.55006
afk: false
logoutlocation:
  world: Treenan
  x: 74.49090745478114
  y: 66.0
  z: -0.28302881017571946
  yaw: 97.63501
  pitch: 23.624971
