lastlocation:
  world: "\u5bfa\u5e99"
  x: 5.5
  y: 103.0
  z: -1.5
  yaw: 0.0
  pitch: 0.0
lastAccountName: YuukiSkniro
timestamps:
  login: 1538538692336
  logout: 1538538704513
ipAddress: 127.0.0.1
logoutlocation:
  world: "\u5bfa\u5e99"
  x: -12.801186389822622
  y: 107.78826193403849
  z: -0.92500001192093
  yaw: 86.19184
  pitch: 42.734074
