lastAccountName: Blackhold_hd
timestamps:
  login: 1536415735994
  logout: 1536416174077
ipAddress: 127.0.0.1
lastlocation:
  world: "\u5bfa\u5e99"
  x: -5.422794540694369
  y: 77.0
  z: -10.580132750227166
  yaw: 137.99997
  pitch: 71.25
logoutlocation:
  world: "\u5bfa\u5e99"
  x: 0.781130343982814
  y: 103.0
  z: 0.15685558149002538
  yaw: 16.49707
  pitch: 57.14983
